40.05957378595002
34.97269306930693
27.86241112682697
48.277796322489394
28.47528712871287
34.78949646393211
82.52915794436586
31.095336162187646
31.026852428099954
30.928614804337577
30.928614804337577
30.107610561056106
29.99591041961339
29.31842998585573
30.263606789250353
29.637076850542197
29.29728335690712
29.15816030174446
30.16621122112211
29.629564356435644
28.934266855256954
28.934266855256954
31.24687694483734
31.373819896275343
31.33344931636021
27.734987270155585
27.025678453559642
27.902847713342762
28.967652050919376
28.068323432343234
28.153532296086752
27.875175860443186
27.707048561999056
26.610765676567656
26.474944837340878
27.972983498349834
28.272620462046206
27.582898632720415
29.15520132013201
27.982380009429516
29.683585101367278
29.048770391324847
31.095336162187646
31.026852428099954
31.026852428099954
30.928614804337577
31.095336162187646
31.026852428099954
31.026852428099954
30.928614804337577
30.928614804337577
31.095336162187646
31.026852428099954
31.026852428099954
31.026852428099954
31.026852428099954
29.31842998585573
29.31842998585573
29.31842998585573
31.095336162187646
31.095336162187646
31.026852428099954
30.107610561056106
29.99591041961339
29.31842998585573
29.29728335690712
29.15816030174446
29.598899575671854
29.07371145685997
29.19177840641207
29.629564356435644
28.934266855256954
28.934266855256954
29.761186232909004
31.03978783592645
31.01550023573786
31.92827817067421
32.314011315417254
32.131200377180576
30.38398491277699
30.058450730787364
30.692980669495523
30.522479962281942
30.648606317774636
30.827474776049034
30.790425271098538
31.206465818010372
30.987611504007543
30.83361338991042
30.60102404526167
30.792876001885904
31.265115511551155
31.118833569071192
31.83460820367751
31.797685997171147
32.12195002357379
32.034482791136256
31.586266855256955
31.565605846298915
32.33879113625648
32.100065063649225
32.45791984912777
32.479979255068365
33.46290617633192
31.599379537953794
30.61090617633192
30.682429985855727
31.632982555398396
32.21603394625177
30.45514097123998
31.095432447350543
31.097136629787784
31.097136629787784
31.097136629787784
31.097136629787784
29.996275718167702
29.319087247670808
29.298316592261905
29.159774116847824
29.600945830098343
29.07437241200828
29.193064182194618
29.63062483825052
28.935191026138718
29.76145388522257
27.7363483436853
27.025103519668736
27.901506696428573
28.069572496118013
28.155030813276397
27.875638910455486
27.175344526397517
28.75478576281056
29.608831117365426
29.25975349378882
29.73139274391822
30.190621765010352
29.59855598149586
29.313011532738095
29.522234488224637
29.61412032543996
31.531632133152176
31.045198870988614
29.203371667960663
28.566020073110767
29.0311691252588
28.48419707556936
29.74423363095238
30.583606285584885
30.448452461827124
29.994290243271223
28.75478576281056
29.608831117365426
29.25975349378882
29.73139274391822
29.59855598149586
29.522234488224637
29.61412032543996
29.645002345367494
29.843972405538302
30.260992899197724
32.27956982725155
31.281896997929607
30.235389978002072
30.649994338768117
33.520981852213545
30.447389729817708
51.02647298177083
20.062235514322918
