67.41429985855729
60.17830740216879
47.986591230551625
81.6404988213107
55.21308533710514
62.11772088637435
142.02204809052333
56.18836869401226
55.44868458274399
54.846861857614336
54.846861857614336
53.04396888260255
53.09418387553041
51.48508910891089
52.66767279585101
52.090133899104195
51.519069306930696
51.49206034889203
53.67148609146629
53.057893446487505
51.741800094295144
51.741800094295144
56.27833946251768
56.20778877887789
56.61963790664781
48.87419330504479
47.38721263554927
48.79327675624705
50.995049504950494
50.07671758604432
51.19193399339934
50.80577274870344
48.603487034417725
46.8226129184347
46.66982461103253
48.9589900990099
49.1728684582744
48.015201320132014
50.92266949552098
48.38344837340877
50.327732201791605
48.80188307402169
56.18836869401226
55.44868458274399
55.44868458274399
54.846861857614336
56.18836869401226
55.44868458274399
55.44868458274399
54.846861857614336
54.846861857614336
56.18836869401226
55.44868458274399
55.44868458274399
55.44868458274399
55.44868458274399
51.48508910891089
51.48508910891089
51.48508910891089
56.18836869401226
56.18836869401226
55.44868458274399
53.04396888260255
53.09418387553041
51.48508910891089
51.519069306930696
51.49206034889203
53.06536822253654
51.36241867043847
51.51285337105139
53.057893446487505
51.741800094295144
51.741800094295144
53.474640264026405
54.58723526638378
54.87588307402169
57.1200867515323
57.43291749174917
57.20669684111268
53.38730410183876
52.76846864686468
54.17610561056106
53.24155115511551
53.15620556341349
53.45180575200377
53.41663932107497
54.60285808580858
54.48766619519095
53.704324375294675
52.98897595473833
53.53839132484677
54.42885337105139
53.89119000471476
54.9771588873173
54.78704667609618
56.23496841112683
55.87844695898161
55.32700141442716
55.05089203206035
56.020293257897215
55.87438661008958
57.19333521923621
57.56350495049505
59.284595945308816
55.34811315417256
53.35523809523809
53.35623856671381
55.724147100424325
56.373094766619516
53.44223950966525
56.187516806782156
56.18631518504141
56.18631518504141
56.18631518504141
56.18631518504141
53.093305188923395
51.48315176953934
51.5174365942029
51.491942853907865
53.0644126876294
51.36050118077122
51.51242236024845
53.0573947819617
51.73947415243271
53.4724338444617
48.87470682906315
47.38550765075052
48.79143010804865
50.07585646350932
51.19196024197723
50.80330454192546
47.12768908514493
50.26528936982402
51.5603244694617
51.821491249353
53.061197916666664
54.41206489389234
54.113752345367494
53.95977492559524
54.412400524068325
54.47264614065735
60.34945369112319
58.48100454516045
53.92025143957039
52.73649594008799
53.25232312694099
52.13513967067805
53.396367106625256
54.9889949695911
54.8290004690735
53.46162089156315
50.26528936982402
51.5603244694617
51.821491249353
53.061197916666664
54.113752345367494
54.412400524068325
54.47264614065735
54.585458317158384
54.88929258863872
55.6510639072205
60.81361202769151
58.76215345173395
55.70589495988613
56.79264120729814
58.429132080078126
52.813134765625
87.74332682291667
32.33733113606771
