62.76835549269212
54.07987270155587
42.796956152758135
73.88416218764733
44.402803394625174
52.857744460160305
120.3290297029703
49.55663083451202
49.53169354078265
49.120658180103725
49.120658180103725
47.55860820367751
47.5247543611504
46.393524752475244
47.62009806694955
46.842700612918435
45.978476190476194
45.99353135313531
47.73320886374352
46.70577557755776
45.39691466289486
45.39691466289486
49.330407355021215
49.235229608675155
49.84358510136728
43.654394153701084
42.529395568128244
43.839251296558224
45.69999339933993
44.32394059405941
44.795679396511076
44.177854785478544
43.720935407826495
42.1297095709571
41.94815464403583
43.974507307873644
44.369222065063646
43.37484394153701
46.38812729844413
43.78052428099953
45.5441414427157
44.0642479962282
49.55663083451202
49.53169354078265
49.53169354078265
49.120658180103725
49.55663083451202
49.53169354078265
49.53169354078265
49.120658180103725
49.120658180103725
49.55663083451202
49.53169354078265
49.53169354078265
49.53169354078265
49.53169354078265
46.393524752475244
46.393524752475244
46.393524752475244
49.55663083451202
49.55663083451202
49.53169354078265
47.55860820367751
47.5247543611504
46.393524752475244
45.978476190476194
45.99353135313531
47.00432531824611
45.9692531824611
46.058031117397455
46.70577557755776
45.39691466289486
45.39691466289486
46.57025648279114
48.78852805280528
48.84467043847242
50.626125412541256
50.97409712399811
50.86716077322018
47.5546402640264
46.98938236680811
47.913999057048564
47.35499104196134
47.49543611504008
47.698890146157474
47.70203206034889
48.605023102310234
48.43434417727487
47.91676850542197
47.2187741631306
47.73889486091466
48.45895426685526
48.03745025931165
49.04997171145686
49.00624705327676
50.00714662894861
49.86942479962282
49.265147571900044
49.07717680339462
50.13447241867044
49.90301933050448
50.86646864686469
51.109456859971715
52.84669872701556
49.57598396982555
47.85957095709571
48.100124469589815
49.892686468646865
50.69825648279114
47.928984441301274
49.557210286458336
49.5559471240942
49.5559471240942
49.5559471240942
49.5559471240942
47.523827720626294
46.39364162784679
45.97738742236025
45.99283651979814
47.00391838121118
45.96981350284679
46.0593883443323
46.70740125194099
45.395926339285715
46.56936424365942
43.65540283708592
42.529199825310556
43.83898647774327
44.324875857272254
44.796557566640786
44.17815492365425
41.950573401915115
44.70801387810559
46.04489963444617
46.07759729231366
47.07164895509835
48.19525993141822
47.52801096661491
47.10218321363872
47.69939869629917
47.93433779761905
51.914861138069355
50.61640301501035
47.48199526074016
46.444125663172876
46.928219623447205
46.165710322851965
47.4533474055383
48.609666149068325
48.55656581586439
47.673985830745345
44.70801387810559
46.04489963444617
46.07759729231366
47.07164895509835
47.52801096661491
47.69939869629917
47.93433779761905
48.1481544384058
48.45400653467909
49.22171810300207
53.3203933747412
51.6424163755176
49.23103891692546
49.99233509640269
52.19281209309896
46.666123453776045
79.85747477213542
27.327463785807293
